0.00150000000000000
0.00162000000000000
0.00174000000000000
0.00186000000000000
0.00198000000000000
0.00210000000000000
0.00222000000000000
0.00234000000000000
0.00246000000000000
0.00258000000000000
0.00270000000000000
0.00282000000000000
0.00294000000000000
0.00306000000000000
0.00318000000000000
0.00330000000000000
0.00342000000000000
0.00354000000000000
0.00366000000000000
0.00378000000000000
0.00390000000000000
0.00402000000000000
0.00414000000000000
0.00426000000000000
0.00438000000000000
0.00450000000000000