53	99	0.0592810216680207	1.29023613948684e-11	0.293296297862868	0.167141551333859	0.290880459582967	0.259687628706696	3.82785898148849	1.00802116647187	42.3548426509803
49	92	0.0603257129011278	1.30743796382931e-11	0.303106711917434	0.155118004658617	0.277299507258464	0.272260674358423	4.07597943904768	0.962221927920800	48.0368860826568
52	95	0.0594890923882521	1.34768802908133e-11	0.283737195121386	0.165139738384093	0.323049183464980	0.264211629911587	4.36972882480901	0.914246914384917	49.8301121154815
46	98	0.0645044591832502	1.37057580572090e-11	0.308516437223951	0.156283795234303	0.275656703403849	0.260278592906553	3.74862261072686	0.936396093433804	44.4900264140883
52	102	0.0602166253003333	1.31725727133397e-11	0.299068822343891	0.164075088078191	0.325802437566449	0.230466711976217	3.75443185278162	0.918597785374136	51.0652055536572
45	95	0.0653234714945807	1.27036162196885e-11	0.279110731506976	0.144692794068170	0.293941198142073	0.244496532857824	3.87331528371611	0.992697849552449	49.4746700881372
48	102	0.0616525091768661	1.35707826557855e-11	0.316915917995280	0.173138239632737	0.272844087721749	0.254545236520267	4.34631831665446	0.901866502405554	50.0686256732052
45	104	0.0654923272780990	1.27002259143961e-11	0.276036379341745	0.169617877000922	0.290542410189644	0.247969002398316	3.91253402929408	1.08300518234716	47.6905577328857
46	94	0.0568884844257619	1.12924573458432e-11	0.287643980025518	0.167867119498967	0.314157969532810	0.227516999336948	3.81857336639997	1.02854834782662	49.7502676427301
54	92	0.0621134676463650	1.15521489277464e-11	0.284242381182335	0.170019610035544	0.317680929440028	0.236434379201011	3.72155766387748	0.900283811640481	45.3929872408889
52	96	0.0574687748600937	1.34067767967492e-11	0.301852335421676	0.156265802196017	0.302694353894680	0.266709453052845	3.91768707419476	0.906077054498984	44.4005425755830
48	96	0.0620616979849706	1.24607412780303e-11	0.275489923880365	0.163752935434126	0.311173407779042	0.225782234634826	3.89977797356099	0.941694044661064	45.2364316149810
55	98	0.0623416859946208	1.33621391864407e-11	0.294318925192836	0.162415835510490	0.323617961756016	0.268185543252793	3.70489176563440	0.990993229000420	47.7945206981684
45	100	0.0548159132216401	1.17735127100523e-11	0.276290774826945	0.160961654552481	0.273287507395184	0.228903452651622	3.94803257431650	0.925453206665027	50.1011929256023
49	91	0.0570574818791641	1.26307283538469e-11	0.276737037729362	0.152802232186302	0.288219682783021	0.258452129504078	3.67321053377009	0.901729537575618	45.0303474205443
49	95	0.0566884803698906	1.28247084626611e-11	0.317065673444635	0.151956126709183	0.272771493379893	0.250010566214055	4.09170156641036	1.04541592022971	46.0840112853934
53	106	0.0620139927241646	1.13299775394064e-11	0.287494219074416	0.158452440654463	0.281728605818028	0.235899689937508	3.60878327383265	0.970823293211317	50.4033386052716
53	90	0.0641327058783265	1.27867835477929e-11	0.306212006325053	0.151286810432850	0.313209948150992	0.253580786270205	4.05860830661070	1.05608918921921	48.0785517720342
47	109	0.0581335489356125	1.21560286556826e-11	0.327865360032954	0.169742386675618	0.313305196409958	0.231109457546171	4.23178388642061	0.987331328327058	51.6171652103001
50	105	0.0633662358327763	1.13738314476052e-11	0.295949099638222	0.175555335740671	0.322667944269092	0.258558311649433	3.78829341852070	0.987310956474454	44.2147694267449
49	100	0.0621039847889640	1.24739249729433e-11	0.311685131677076	0.144959742408621	0.304945977869245	0.254979277406141	3.95841577077124	0.909842636071297	50.0757653984986
52	102	0.0540805837718217	1.17312759901552e-11	0.315485956517367	0.161141254101352	0.274241060123199	0.227798807869390	4.05548654662795	0.909926380303878	48.6530992181561
52	94	0.0612260458509815	1.15577093688649e-11	0.295958539568826	0.146786471036829	0.325364674211346	0.227817150927168	3.64912115383268	0.918220035082611	44.6401250183742
53	99	0.0586412543342518	1.17637354272692e-11	0.309329882388212	0.169666926097786	0.318022325541066	0.232625031850124	3.99703110851191	1.01880740628882	46.7723848897536
48	110	0.0649918949295771	1.16162872765372e-11	0.276585303043383	0.175652637110411	0.287156811385222	0.225981053338279	4.11385218766824	0.948216811033804	46.0513071312319
52	101	0.0540138126855493	1.17226804361815e-11	0.326025590903120	0.146142280268728	0.302619793970482	0.246758777284848	3.77701258410168	1.06827382039443	47.9347195414593
52	100	0.0595493899109079	1.13566310272779e-11	0.281247648385301	0.174060747580305	0.329086574218237	0.266611073764141	4.26964515642550	1.07144255281812	49.8249139985562
46	94	0.0590921884777845	1.28379947921497e-11	0.285970730334458	0.144581681076374	0.312940684027597	0.255869508572704	4.37686018515401	1.09272244019027	43.2876464501370
46	100	0.0595309963923476	1.19546671397011e-11	0.317869815612696	0.165882835639883	0.320338175839800	0.251006470765537	4.27709831015454	0.997779957232121	50.0215566247881
50	103	0.0632419167433033	1.25964916951134e-11	0.299256226526035	0.169079567362663	0.295995633660477	0.268193411146681	4.00479956471244	0.944062020113727	50.2062115024270
55	104	0.0578696616862413	1.29879075986108e-11	0.316137495843532	0.161092402172247	0.298237482936392	0.229884895908072	3.82310048891618	0.945241728168257	45.6323586973641
48	98	0.0634168715371289	1.24977900337065e-11	0.293760404713073	0.172331502429797	0.303642804662673	0.270402610159339	4.19729377746256	1.00735756090257	46.3426529485888
51	97	0.0596562858445273	1.25895026393778e-11	0.286376327647421	0.172768156764997	0.286145492611860	0.230400834706838	3.78954430729030	1.05242194184223	47.6790486530792
47	110	0.0544291527992294	1.23629579132401e-11	0.272234078044220	0.164030004034576	0.314941108058517	0.250849837904847	4.36587622529530	0.969513430089752	48.8877524692496
53	90	0.0561104929882024	1.15598306939952e-11	0.310397694846519	0.148411807757202	0.300233266407629	0.232157801104179	4.09620802886222	0.992246351878300	49.2792157156804
47	108	0.0626610964006932	1.24758932336700e-11	0.295773867555111	0.150969650998788	0.308808579976367	0.252968528620150	4.08020971640610	1.02786475243987	49.4241110158354
50	109	0.0596818319155838	1.33824953883520e-11	0.297104354094284	0.149828514428494	0.288464734921857	0.225228981197366	3.73808360131814	1.08346720817337	45.9578103775507
52	106	0.0558326544052588	1.34348185146543e-11	0.306591430157413	0.145338235647135	0.278323478164689	0.263334099931074	3.67227739051458	0.932314514778066	46.3354433589985
54	92	0.0580934952845893	1.19257358307317e-11	0.273564197811497	0.147422133073607	0.298534376027854	0.267435461322914	3.80420976211487	1.04312708083349	51.2896397805062
55	95	0.0612886705652202	1.17711533968783e-11	0.288948686300332	0.163726191522742	0.291747556849125	0.270841063512687	4.28685642500737	1.01554777523848	47.6859308523426
51	97	0.0563009430655416	1.26624489268455e-11	0.316363327851776	0.174069152325154	0.317286805703913	0.274348413739183	4.32885364271824	0.986659795441824	50.2873873096555
46	104	0.0628611220797233	1.28507795629069e-11	0.311785979340366	0.155342583390955	0.316817749250647	0.250256655089941	4.15970701378061	1.07684855652622	44.8976459732033
46	92	0.0569141951798180	1.22925723791072e-11	0.277519930866551	0.157140130881904	0.310110732855213	0.238571081220876	4.18014588401871	0.978610351075383	48.1498419824330
47	105	0.0650090921045926	1.17649387888306e-11	0.277809087023365	0.175499181343502	0.278010231579679	0.230037525596062	3.78390886308600	0.935795030525547	47.8305998353673
54	92	0.0572287390402322	1.36198328032329e-11	0.275541140323152	0.174258534049128	0.271293353232210	0.250392441541477	4.06084276505708	1.02666671606402	51.3566035785857
47	103	0.0631860001994573	1.14551780177443e-11	0.270469217614160	0.165652629709873	0.303590442352351	0.254280456285094	4.24850248400635	1.02480011086247	43.1074853326922
53	100	0.0562639437214979	1.15142735664543e-11	0.295386563109850	0.175625672394025	0.288049141084169	0.263144354795537	3.92307469470725	0.965588319394650	47.0046895810771
47	106	0.0574499780767936	1.16051028047600e-11	0.309334390496275	0.168538604390931	0.326364582832408	0.229148132455527	4.39075141375980	1.06059306319165	47.2029429590817
55	105	0.0550933615642384	1.16661511021911e-11	0.313375351481521	0.154774376460527	0.328854218162812	0.258079809654136	3.67199905198951	1.09989557172718	43.1475604203883
48	108	0.0609145125679561	1.28023966098383e-11	0.301872557614946	0.165196219532783	0.287197223333656	0.250848950735311	3.85675282611821	1.09619563218643	50.8038649090872
47	108	0.0622003589195358	1.26842744121030e-11	0.276529076296383	0.151813289177289	0.318049217217092	0.233552400876272	4.00912715105534	0.925407388438971	50.6132560219927
47	97	0.0605591173750839	1.13801947257147e-11	0.307905982411709	0.153456232026611	0.323766681085956	0.271927893216592	3.64848509325459	0.946448029192359	46.4265028679726
51	104	0.0591087461024543	1.35780034615206e-11	0.277589991919758	0.165765707879376	0.305851594609070	0.254524158857129	4.18055033883668	0.904726493331645	49.6481925614214
50	94	0.0617333133771760	1.30716542041957e-11	0.278058198258815	0.160891098573402	0.323041004143429	0.247031734038042	4.04524459884959	1.02148652208037	43.6955712156680
48	90	0.0617714115620722	1.30946041344940e-11	0.275915645562660	0.157170992429041	0.326623892471748	0.272095946515564	4.02348792198501	0.922161864257430	48.1262697162522
54	105	0.0621482010491184	1.14085112517320e-11	0.278521634905916	0.163284422977165	0.302949485245194	0.257795691012857	4.26398594562656	0.981491901575680	44.7498625863076
51	100	0.0616294405261690	1.34011014075956e-11	0.280095077909492	0.168016641789560	0.313703209475661	0.247597285463019	4.28700722725744	1.07681536133239	46.4891683875320
51	100	0.0653420893573128	1.35860127974030e-11	0.281774935335417	0.162673061576383	0.304605497871481	0.266984871035983	4.23122313865116	1.00962655549532	50.2335954078644
55	108	0.0565072190691123	1.37109957806024e-11	0.289048786508966	0.161657360477951	0.271551448264988	0.251631175123717	3.85426644298098	0.973800615342323	44.1443262360738
48	102	0.0625113804325265	1.33973470417097e-11	0.288985739948777	0.162674259800247	0.296791858697089	0.252694353289564	3.96176596301039	0.941669196562669	45.1562052541099
53	102	0.0568347669239256	1.32138974731626e-11	0.283053798565369	0.160378237438671	0.308778117441039	0.259003276504168	4.20178237603995	0.988188655304865	46.8429689367023
53	108	0.0554327549735677	1.25334435464689e-11	0.285062510760944	0.146642967263958	0.301272177160345	0.243359495265868	3.68788936460055	1.09123923043518	45.4754332123876
49	106	0.0612876472882276	1.16940061512647e-11	0.323575344317159	0.167026244315504	0.292338759646771	0.236964530309677	3.68779389487512	0.924805183329609	49.8057667975026
51	102	0.0594016523635908	1.22464737418396e-11	0.312193393473378	0.175876995561500	0.326228079980494	0.253946174622955	3.81590693096352	0.994152649173391	51.5823832067799
45	93	0.0595047059237864	1.15848281274699e-11	0.303344276563163	0.155345097758622	0.319771969471591	0.268344352733625	4.01970987631705	1.07137926555644	43.7950470143905
45	95	0.0619433370228678	1.13272238718624e-11	0.281066020065459	0.175080282085869	0.320945128797267	0.245338838010761	4.37812086158200	0.908678094313391	44.5266699623249
50	108	0.0632434261776439	1.35978542651739e-11	0.282721850551939	0.155086360361612	0.292352054393972	0.230630757051252	4.16832694822254	1.03832502904026	48.9010243470782
53	90	0.0582026161612933	1.20032651614660e-11	0.274640808486761	0.172369403576330	0.305591074513109	0.247192291836348	3.84948795611803	1.09579709333501	45.8294336293570
55	100	0.0619441151803096	1.19888345861884e-11	0.324828024646774	0.158550235679741	0.322353153878854	0.240009220060695	3.83316570211818	0.956653579698427	51.4528260851449
46	93	0.0589939030796376	1.20823407045904e-11	0.312402913061816	0.157229673248666	0.326010096510426	0.245069342690725	4.28028586989970	0.926756099998885	51.4396722234715
51	110	0.0641031498322957	1.24176704675721e-11	0.303467338005293	0.150967426187434	0.310107856461683	0.266668178172657	4.32931793920628	1.03705593688254	48.3507616645612
50	104	0.0639950018289026	1.28704960161654e-11	0.288805739396195	0.148020946795604	0.282406587476106	0.245181433138680	4.11142091782085	1.08189091114988	50.3849294424291
45	100	0.0570772919067498	1.13130704537326e-11	0.279972213774129	0.153885266994138	0.309231035523755	0.244508796906530	3.80429623835555	1.02217379647665	46.0777039412760
48	99	0.0613615288417545	1.33555165310483e-11	0.307349835556794	0.167235341813275	0.274323093073239	0.243022444668947	3.67093267202583	1.07999655928657	48.2401495009881
46	91	0.0609869899743267	1.26475813624717e-11	0.329276084097150	0.169051906335332	0.294403614905362	0.232012767963472	4.27060447002978	0.938686750387819	51.5612244104994
53	104	0.0604888720454929	1.33852498731836e-11	0.280225921383413	0.166201203679581	0.310015891992450	0.238006509705622	4.06777489541066	1.05088491629765	47.5590876162804
48	90	0.0644392923882961	1.21196979858182e-11	0.285467535034321	0.144313672072418	0.326023539572756	0.229340755043292	4.35848698831682	0.969252143332955	51.0757640089168
50	91	0.0571773483177076	1.23650666201378e-11	0.293807959117989	0.170982826816336	0.318657001934296	0.246469866854290	3.64882314335401	0.983725082860543	49.0712261364070
46	100	0.0578168889057727	1.13855987111028e-11	0.274439686174616	0.173514623929481	0.299072896310099	0.237864139238493	4.06771304268409	0.931143966070979	46.8499620580360
51	92	0.0554305744926503	1.16927688344728e-11	0.311045764017721	0.168670535061566	0.315404952603931	0.239877769207556	3.82808646852691	1.06380011678537	48.3068922712036
47	107	0.0652779536441391	1.29070201549024e-11	0.294143299961770	0.145365115389922	0.295022847224566	0.246242920585231	4.26218573875861	1.02498470556926	50.6437865393623
52	107	0.0617466224996703	1.20770724880083e-11	0.328970112083637	0.156101956385607	0.328307159579358	0.230960362971064	3.75278915255792	1.04771208432213	44.1681254509299
52	105	0.0597535586993867	1.34962153445858e-11	0.294131039113349	0.166538867983468	0.329278482073850	0.249753346190023	3.95402396976231	1.06102248414139	46.0164429751790
53	93	0.0616718035324813	1.15453879961168e-11	0.307240316831975	0.167344417456149	0.321848851741872	0.260320361376878	3.91472920509406	0.913444531512636	51.6264478434559
49	103	0.0605365933263212	1.37210448219625e-11	0.279262188328756	0.151176866261264	0.293333026554746	0.237178668634048	4.26125918323421	1.09015806330111	46.0821051991979
45	100	0.0617677377635175	1.25999552475948e-11	0.292880712266668	0.152609751416748	0.297284509682347	0.264253504096700	4.14149687475074	0.999515402204432	48.4932509220856
47	110	0.0605266312079957	1.30172935483069e-11	0.279668038310962	0.165536997280132	0.284801231858285	0.228704478843046	3.76608242750398	1.05102918094010	50.7726723565244
55	103	0.0626525594469577	1.37487290502443e-11	0.315486745879645	0.159279750327260	0.317065385581451	0.244694171349085	3.85448378092021	1.04848101413539	51.6565886992681
46	106	0.0602699436693252	1.19696233620378e-11	0.322266667314923	0.163958925205358	0.322970256334983	0.225169706148215	3.70704878828490	1.06622591514202	48.4397348422901
54	99	0.0659244554894502	1.22863063472328e-11	0.291046604693154	0.151566237844509	0.324822700877581	0.236033844596651	4.13717031158243	0.931300369350040	43.3193024218418
50	99	0.0566241195887956	1.24120998540628e-11	0.311132142524852	0.149667960143946	0.303497095417337	0.225065028435030	4.05679286036992	0.991461744110282	42.6394718894764
55	107	0.0552695792790027	1.31598926962299e-11	0.287648918026071	0.170548588342323	0.305932086164772	0.234458983549737	3.73581365282119	1.02362009921888	48.1100576470416
45	91	0.0553163695742783	1.32955100972692e-11	0.301837758231413	0.168541493373928	0.278932603220253	0.232124202741049	3.71812462172139	1.08643667100941	47.6311570018412
49	92	0.0547630964517013	1.15005538504887e-11	0.319945403177111	0.173903304739785	0.323982809072144	0.238403799956169	3.98086377461397	1.06701764711187	51.3424677833701
46	93	0.0588549599502915	1.16952923847169e-11	0.305849411512355	0.147452444962700	0.297023614839127	0.233744603266789	4.32648193320556	1.07908470326847	49.3133914125376
55	98	0.0593804749447979	1.21490872837052e-11	0.290118679842315	0.149831280179234	0.282340340367838	0.231932448579630	4.04174002137267	1.01650370493361	48.5276513252898
45	107	0.0583897941220581	1.13917617226707e-11	0.287953501399986	0.147171049037519	0.323979059430545	0.254944280518393	3.62635191419990	1.01654936127236	47.2191451930729
53	106	0.0631620556901858	1.25547141841532e-11	0.297155552494160	0.159672441661550	0.315755132362394	0.270052895284136	3.64309034114845	1.07098518779399	44.7430062459533
53	91	0.0615347565553700	1.20896224366923e-11	0.295358739193228	0.150183850575004	0.322949178444018	0.271968988294212	4.24405058284712	0.906973140009586	51.3427414090120
54	98	0.0632637646266509	1.16891725741892e-11	0.291576379078334	0.172668530361362	0.287097013081489	0.236059222796954	3.96109988376276	1.07708401909696	47.3779179526271
45	101	0.0651942428433458	1.17723666849828e-11	0.303499151992158	0.147170868789818	0.310393559187135	0.249133568769821	3.90611698364797	0.981546162271196	42.5845395361458
49	98	0.0656728902480362	1.35128838975112e-11	0.314552721942116	0.145413298296405	0.309856794265083	0.243800555796238	4.23171496295175	0.907276406089566	48.8453559560646
47	103	0.0563043401931333	1.29384779433406e-11	0.295460087017541	0.161833444985752	0.277368899633972	0.251189001848293	3.89142949559984	1.04922958854754	47.1853318844563
53	103	0.0556664904339499	1.24211704997600e-11	0.295761347314572	0.168719842150004	0.294439105383409	0.238243629677429	4.02587994799913	0.930965754150221	42.8548872232462
49	96	0.0623551960449959	1.35303311855991e-11	0.277492365523189	0.153982081839881	0.286517217078941	0.228417861023541	4.16932536478501	0.928781665734974	50.6663405923452
55	99	0.0551258403212984	1.15100289369484e-11	0.271466040963022	0.149727439338059	0.313000184438349	0.246816353874005	4.29718121439668	1.02119181066475	45.4039010796318
47	90	0.0603048528463120	1.31138651842543e-11	0.287411115907844	0.154846581703927	0.287003062897736	0.233692651868250	3.86295168933778	0.950896168810274	44.4591912599885
47	110	0.0603641306207144	1.30906686389916e-11	0.289051234973954	0.150724660385394	0.323771931410970	0.226305355407745	4.12009442031822	0.964830841001165	43.3711172347548
46	93	0.0643336777367200	1.26546535632041e-11	0.309221408037989	0.160324880632488	0.319594733538814	0.272733913704023	4.37986891840221	0.980358183569400	45.2226735064639
46	92	0.0598182400026252	1.17104852437888e-11	0.327416155444241	0.173003658344487	0.293401590768840	0.246529825992971	3.66077388903531	0.981274664280226	44.4472638280759
54	97	0.0587214763345832	1.27430283758446e-11	0.326143852367093	0.164125566036874	0.299874176577851	0.273077928655183	4.06961533366622	0.977238227712183	48.4287733718398
51	94	0.0620571736760883	1.19998424752245e-11	0.297473180031262	0.147249084441994	0.311688311560350	0.263120724200150	3.93110919821869	1.02196036476759	42.9219051712243
51	100	0.0628950953214505	1.15853073320717e-11	0.284428703809925	0.156507352087243	0.320062140065996	0.225367433055142	3.84730914117301	0.933378144533249	44.8890549706926
46	97	0.0602406296086846	1.17815038333971e-11	0.315833876657189	0.145747731687157	0.306577781380544	0.259001932023007	3.81106723322144	0.937618414639050	44.9491102330722
54	109	0.0581725520553303	1.34873541886020e-11	0.315559642987866	0.160041053222503	0.304484229651385	0.260297537712444	4.20701301206416	0.918925773972433	50.5726228414249
51	109	0.0557999670459802	1.14286320319676e-11	0.314438883898717	0.157815077500296	0.289562530255368	0.257256439330369	4.39617278490380	0.964637254552253	46.4767053717728
48	91	0.0610331048067775	1.18562163973418e-11	0.314621300489240	0.175921931184390	0.297385476051105	0.252615492225387	3.74925715531310	1.05391938585447	49.4055927365348
50	105	0.0571457438127337	1.13843859805218e-11	0.276355225003966	0.169971282591850	0.312827734993988	0.235905436489164	4.22491621482781	0.946823600491800	47.9709859326643
49	95	0.0545334491073389	1.23543051426611e-11	0.310893625828219	0.159540853436737	0.323064302716560	0.263618310680652	3.75663838482139	1.04807309392485	49.6626998115979
45	98	0.0630591992067742	1.12832080011681e-11	0.297795634715623	0.172622328178157	0.313251340249016	0.236401416180023	4.39388717854394	1.03856368276635	43.3709480035772
47	101	0.0569134242938515	1.34929783774339e-11	0.282729792315296	0.148401491032546	0.271116766483583	0.243543235948670	4.24180925581143	1.06481564267328	51.4985005205038
46	109	0.0593088277560233	1.17416454784191e-11	0.275911124261287	0.156480157262249	0.310486588027697	0.269546441051285	3.93938136792265	1.06559550982790	50.2768087495078
47	98	0.0622535530214413	1.14834262918877e-11	0.319414468435670	0.173675399199940	0.296310529454191	0.267818845386413	4.18309109444110	0.958673586801679	42.7760770781031
47	110	0.0583107385248223	1.20184172489698e-11	0.280500584242925	0.173359802637316	0.296269210749976	0.245121677490672	3.99868286601884	0.961873848484550	46.6822972376320
49	96	0.0628360808916144	1.23901441671094e-11	0.279814194587100	0.166834368371018	0.277022209170340	0.240900955874837	4.24719221375924	1.00460595968840	45.3611407845115
45	104	0.0587364897033452	1.15041734840619e-11	0.309959232984667	0.163786796275902	0.318880901371115	0.255431771531750	3.88520714678484	0.965059798498885	48.2239281749977
54	103	0.0622009904036157	1.37384743191377e-11	0.323663362521255	0.154985212487723	0.289491326317831	0.270509761334724	3.65859474759185	1.06636850209721	44.4648121395101
55	101	0.0624485691640112	1.20802320836313e-11	0.300993492501076	0.173952874454073	0.284773686854079	0.270454909390044	4.07279316421988	1.06205895814877	47.7509187488441
50	104	0.0593076649606005	1.19933670397198e-11	0.312162138417029	0.147992769301136	0.290562793267397	0.254579720445372	4.32815026458251	1.01139965225572	47.9696694121350
50	103	0.0542349314826398	1.14051130532991e-11	0.279215422597164	0.167378731568183	0.292541528400575	0.241628570366778	3.75501274893329	0.952592806746031	47.9388635008289
48	93	0.0579702945625689	1.19956099297194e-11	0.327207424193175	0.164687277837626	0.302793227584978	0.267653181460496	3.94589423322752	1.03611324046089	46.5152220756088
54	92	0.0590917139619977	1.13658781622455e-11	0.302453044874489	0.170660863541417	0.303715209255959	0.247119894652058	4.19932778325441	0.946730629088477	42.6329805304182
49	110	0.0572432450811848	1.25135703561443e-11	0.310784033892628	0.156745031303001	0.293749333717440	0.270217773910897	3.63134758931807	0.991285072922622	47.1298594493598
46	93	0.0563646455771455	1.31535647167253e-11	0.272193781082907	0.167994310699540	0.293887852771880	0.226658970297606	4.35705999184439	0.976913378902305	46.1326635206628
53	90	0.0638606542195357	1.28276749980340e-11	0.318552231077628	0.170727056335300	0.300922033152694	0.251621324125007	4.21093865893101	1.00772028773960	43.3156327441863
49	101	0.0591590569125992	1.14747291269402e-11	0.314917132306572	0.154318732715592	0.309451832525755	0.260824867325219	4.04705644040765	1.09834074419239	46.6228309120578
47	108	0.0646532514510762	1.14521560578258e-11	0.277211221079225	0.161672371739467	0.327054911895898	0.233965092191089	3.74707435557262	1.05104408033557	46.5382978845528
49	104	0.0586941959455340	1.31931013413724e-11	0.301502709885757	0.175332132237885	0.313340910859650	0.241826646290053	3.99835905201516	1.09609096988607	47.4807191565615
46	93	0.0632293726486596	1.35128368605589e-11	0.289550017725795	0.161577873056586	0.294004784721740	0.234385647428763	4.01427648018724	0.946956528132570	49.8708005798752
46	97	0.0587614982041634	1.25844298794175e-11	0.302786966394184	0.154573555507411	0.319912280359789	0.241096359159146	4.39539440851524	1.00571181771053	48.8879906841890
55	99	0.0637021691506481	1.15228855301061e-11	0.293932845142992	0.163823089765689	0.278060300503723	0.245192835561510	4.28388134647254	0.910287210713382	50.4990137368630
55	110	0.0630609251880850	1.33145221446390e-11	0.294905603196783	0.155540370272071	0.273628006316390	0.252428314992848	4.36992315176958	1.05137509419692	42.7906062328317
51	93	0.0585287465380212	1.20952442970054e-11	0.280844265615288	0.168208305392062	0.275054823138880	0.227436929639113	4.14315280718163	1.02039595325510	44.3650043272103
45	107	0.0565922269915367	1.19849326325662e-11	0.285323204429283	0.157244823958086	0.279833899099783	0.252636606658947	3.92280111104349	1.07143374182444	46.6206348950469
47	103	0.0634848866156030	1.31157835692592e-11	0.271232146479491	0.159755043340318	0.289453195217643	0.238740570241875	4.34798326894244	1.09765542785162	51.3102158036127
48	97	0.0653916469421976	1.12758415458585e-11	0.325420536757224	0.166231783460244	0.288103606632279	0.237075087086706	3.98358763650599	1.08589689448512	49.7264263556067
54	94	0.0579307852089025	1.13711183481331e-11	0.309221993340495	0.175127484322553	0.270700859467820	0.237157258970328	3.78543328933049	0.981902986687763	46.5476213249995
45	98	0.0620551724454209	1.29197903039341e-11	0.325956814322914	0.154488158735789	0.302394305630978	0.232707972458504	3.91703219880782	0.900068292443628	45.4342249527322
45	100	0.0592637397910435	1.27586699595769e-11	0.279810742111652	0.170809701858514	0.275722361557669	0.272820818050401	4.16406198009023	1.00817566455261	42.8554959391928
46	92	0.0640020071470677	1.25652561644889e-11	0.325265835353532	0.167650311272753	0.278790891386534	0.271783068775830	4.04684722764844	0.941546124399212	49.2645098471997
52	102	0.0632262510291554	1.30742736205581e-11	0.317679473123325	0.174533582604145	0.307868472420897	0.265935721860412	4.20530456071549	0.943856717636486	47.0638685261217
53	94	0.0560070425459367	1.30181337132886e-11	0.304643651802399	0.145021524144127	0.321559224685727	0.261413092391142	4.39638484684421	0.965161252546844	44.1792988835099
52	98	0.0643437657444249	1.32034426294982e-11	0.296402135745615	0.155419807557841	0.328453297874323	0.233790586413776	4.36994512349331	0.919189883321517	46.3156193803521
49	102	0.0658784658435781	1.19699424390354e-11	0.285456824202746	0.165204922697191	0.304250305648331	0.243018548852123	4.02805368420493	1.04950673234766	43.8856886198954
51	95	0.0601730814780685	1.29813299659663e-11	0.315116783632047	0.153008049892752	0.329811012874497	0.234439498632080	4.37109610397737	1.04970179147866	49.3659291540341
48	96	0.0646113722775235	1.26416745874100e-11	0.283720168926330	0.151372258154159	0.303212494409732	0.225059919842002	3.69250070334501	1.00865988661702	45.7624979113107
53	102	0.0610563126637020	1.22413019814540e-11	0.273851225243514	0.166756113637770	0.300927507290420	0.240820975686627	3.64115863458416	0.967626463304811	51.1530872752549
47	95	0.0558570281838725	1.14039766676349e-11	0.316039770646595	0.163986333343786	0.289840923959416	0.259980849319853	3.84347915650926	1.06646673232411	42.4614218845608
52	107	0.0563983538742894	1.32004388287279e-11	0.310272131121392	0.162899476893428	0.295800107903604	0.256262759008952	4.06415346651417	1.01051443560519	50.0931255425207
47	110	0.0588834580456669	1.20939596601301e-11	0.312912750887150	0.165134014922003	0.299508375216225	0.252153108767193	4.02477156187063	1.09150862339240	48.1899551645796
49	105	0.0629844686185883	1.27696647681574e-11	0.308523649706031	0.145521749539644	0.274262225034777	0.246951860169383	4.32096647412252	1.07856666386360	47.3642172424779
51	97	0.0639070057894339	1.31031351237555e-11	0.295142897617493	0.155161113872322	0.323264352931963	0.239371363374127	4.03244034013620	0.971300723425401	48.4147717725726
53	102	0.0634795563593344	1.15120331049338e-11	0.293445724932250	0.158442898571384	0.273878015463052	0.250082955337335	3.94558448868535	1.00928037859838	49.1303176036812
45	92	0.0578222909447879	1.15697209494575e-11	0.318968406172519	0.151708959907844	0.296171097343887	0.263077309283482	4.03413358994907	0.969336350250990	43.1881925008534
55	109	0.0604087695284487	1.26238502675380e-11	0.289045671819351	0.166881440425478	0.319597770397134	0.263120402439436	4.16993184463162	1.02456055813183	50.5491949824920
53	108	0.0550794081452470	1.24630735214624e-11	0.318872386374039	0.171397833344201	0.293672081053982	0.253802795074828	3.61333977035219	1.05932493706168	42.4350041530923
50	107	0.0553404689303184	1.34761891979611e-11	0.317344410896338	0.153008246243794	0.306808492902316	0.262383141882086	4.24073670564628	1.04917498030813	45.0664446923546
49	95	0.0556355105872596	1.32474006970322e-11	0.321135833420631	0.167393626551160	0.319118444104933	0.257276725299066	3.71400745993903	0.925107246270964	43.9911998579399
49	102	0.0621438276576023	1.30858527092399e-11	0.300338197054305	0.148408412560625	0.323174102343756	0.231160975916225	3.98277957832229	1.06447880135180	51.0071661210607
48	90	0.0599421242290759	1.13783297152809e-11	0.308139683331683	0.170775129015991	0.325866697649233	0.250219893004638	3.80546828334371	0.905030100285700	42.9408961061741
50	98	0.0562765248722110	1.14322132477474e-11	0.327053664922688	0.148435254903756	0.281447078880547	0.242363065636082	3.89527335105989	0.982885776184806	47.7622763392378
50	96	0.0599400698998827	1.14713186491868e-11	0.296637849301129	0.162822700332464	0.285514935085126	0.229607384240255	4.12941193069233	1.04628149359459	48.2892214917371
53	93	0.0557712986637203	1.32458771602849e-11	0.273601129186769	0.155717017614558	0.323871941090418	0.232392473401626	3.73568705076345	1.05627480005519	48.4219310887905
53	93	0.0546596897628743	1.36075203489268e-11	0.322004993819959	0.169816305429155	0.305601711623167	0.234908485053320	3.82302721635122	0.973457183026274	50.4274469178154
52	98	0.0642085520914681	1.29592889310209e-11	0.307871324056141	0.160120985144837	0.300230404910811	0.258613511872871	3.75857743561107	1.04897357124833	42.8259537764260
49	91	0.0607267143282586	1.15802073892839e-11	0.291304419112731	0.159667018839147	0.306768575330134	0.246575559145095	3.75605722662741	1.07845343764622	49.9784386334742
53	102	0.0651553064010800	1.30568113491419e-11	0.329820196296399	0.172065559148321	0.319165334533913	0.259720195484228	3.86147171867998	0.948520677255934	47.2718711834872
50	99	0.0623600064066627	1.15258837016059e-11	0.283450289938988	0.155300538014047	0.301913350169576	0.237839228163507	4.30427028830336	0.925919395167508	48.8268952698510
48	104	0.0609934915821101	1.15437321303796e-11	0.309147064378117	0.158382193810296	0.282124505792906	0.225487932494258	3.97688149201260	0.945013576425583	44.2966060250492
55	104	0.0637847665377291	1.28517948074148e-11	0.306299438514496	0.174832969178990	0.297233607940831	0.251614153553044	3.92317549773675	0.970002783800153	47.4068314947486
54	103	0.0645481668551661	1.20720355368920e-11	0.293234725888988	0.145353529533265	0.295674655189210	0.238969598262648	3.74338518113876	0.957416922629235	48.9036905582426
51	90	0.0658669393929551	1.28845300564894e-11	0.278531229557430	0.175134666692500	0.327963164976720	0.272311507675996	4.37513999691783	1.08549760143589	51.2904848382484
51	91	0.0540062685042833	1.31228286577588e-11	0.271508099142612	0.150054618979916	0.307203303248008	0.270322163325500	3.92596459024210	0.910262751363359	46.4786963310106
51	96	0.0643852630921563	1.27079643286372e-11	0.295266735225915	0.165347849601282	0.311723397115080	0.244634228798706	4.27558991718676	1.01853335104128	43.1027396096389
47	101	0.0613507976338080	1.31000808199694e-11	0.281046017365651	0.162766067669725	0.313209876721079	0.226242761692244	4.09226007770468	0.932579780043547	42.8389973868878
48	103	0.0658794024685060	1.18370672868698e-11	0.313546516048167	0.165603597324964	0.290813711417257	0.258571839828623	3.90128886242619	1.06768115393461	48.2168345693351
50	98	0.0603321608320613	1.30873938542401e-11	0.292221761190912	0.155552705574229	0.301019425231519	0.266858531768853	4.30174539946968	0.933512186042254	49.7840832250855
47	107	0.0597542806225226	1.36764963127165e-11	0.320493605248092	0.163848909666275	0.303401677920726	0.273574981915563	4.22788194182642	1.00044012308189	48.7971985288666
54	105	0.0636161712662634	1.34173257293798e-11	0.314053781471599	0.169956828323209	0.279389713146843	0.227846644271762	3.97196342665163	1.09986589580514	45.5458939048226
47	110	0.0567341152284725	1.14655863246587e-11	0.304261552369463	0.144616239277253	0.303723362733707	0.247516190636673	4.25118154145675	0.971081430253576	51.2000766713190
47	101	0.0599771314943567	1.21660915407980e-11	0.280611303457518	0.146683952265053	0.311688197346507	0.254123515086814	4.31875530974410	0.909415541909767	47.1897889911879
46	96	0.0648102298623841	1.21729970108250e-11	0.327443041355743	0.175193653349917	0.295587332142614	0.259331890724815	3.94339083449186	0.942732117024160	51.2658424368605
47	92	0.0608959346295623	1.29625711816540e-11	0.285919322171575	0.164843185037291	0.320176225240579	0.260971637629800	3.86746353569778	0.979567824820541	42.9917989765971
49	102	0.0641421382206485	1.27448540884597e-11	0.325474853714376	0.151399610117259	0.313883223969716	0.257502037596270	4.07731768355620	0.966733636076059	44.2461003118869
48	106	0.0628636835039448	1.32234098591048e-11	0.283426224281822	0.156911716579987	0.291601862525146	0.261345727545633	4.32159264696525	0.945920506393640	49.5852614514305
55	98	0.0610318444299177	1.21691322960947e-11	0.292413828458559	0.147904656584068	0.297252742311204	0.243692383291999	4.16165315948774	1.08722403550041	50.8933655196915
49	91	0.0569608143118317	1.17650696487630e-11	0.275250020974595	0.152590042284713	0.293183393915530	0.254079104160643	3.90196408165669	1.03663775694000	49.6559760884768
47	95	0.0619969946078336	1.14666663684888e-11	0.308406992894803	0.152251077443603	0.316533278535032	0.230805925638970	4.18796474034401	1.09242275914457	45.0780214439498
54	93	0.0550017937632315	1.31798347927478e-11	0.280837013265187	0.154613287639764	0.314056266341156	0.227882718060744	4.36328222917697	0.987594635526560	43.7273497897562
55	95	0.0615115174220590	1.17641863036619e-11	0.272703066448414	0.148871488411614	0.295816670704449	0.273988261198799	4.03425049048284	1.08806733088418	50.2703589097496